2972369405
2951443118
2814034593
1614862944
428251238
2134116055
753084393
618518934
1928822025
3526067399
4095475865
3397665213
2945281475
2085627719
359115243
1920301111
1567470092
634119060
2890866387
308671888
1130290253
4270784208
3982890717
3715926924
3082221166
4208883619
228940540
3346728799
743850895
2601610376
3692812095
1321508413
401908513
425901197
2978644023
236190479
3853993119
2374056286
4213992479
2627529293
1474632341
4259326966
3378879116
3132114403
406824503
3763383864
2038399007
4092723169
798823733
1560401994
2116292604
2890969684
340795832
433600599
1264975597
269384869
3349985918
742582923
1206808201
3245529254
947543980
1291975791
3855962202
1969297237
1673638285
917657550
2112436387
4060149432
1202607718
1746691857
1619210201
3158419962
4107618003
3606377480
1344581172
1161374002
2351078047
2041355800
2340389434
4063995408
1229492322
2758769119
3889983015
1193119538
1813894778
3589978734
2435002833
2891200840
3028056927
3732631325
2564404253
2071873240
3936031881
3392131810
704823244
389512092
3505364839
1048103376
1581360454
3120088793
